time	1998	1998	1999	1999	2000	2000	2001	2001
geog_region	number_children	mmr	number_children	mmr	number_children	mmr	number_children	mmr
Avon	11746	93	11892	97	11742	96	11483	96
Barking_Havering	4746	92	4876	95	4899	94	4917	94
Barnet_Enfield_Haringey	10831	90	11594	92	11307	92	11178	90
Barnsley	2813	94	2790	98	2625	98	2545	98
Bedfordshire	7847	92	7613	95	6778	96	7467	95
Berkshire	11631	84	11563	87	11620	85	11496	85
Bexley_Bromley_Greenwich	9608	87	9467	95	9491	92	9776	86
Birmingham	14507	91	14682	96	14547	96	14103	95
Bradford	7023	88	6884	95	6857	94	7026	95
Brent_Harrow	6303	89	6304	93	6211	93	5653	96
Buckinghamshire	8616	94	8591	97	8672	96	8647	96
Bury_Rochdale	5134	93	5310	97	5175	96	5097	97
Camden_Islington	4593	86	4697	92	4641	92	4516	91
Cornwall_IsleOfScilly	5101	91	5157	96	5123	95	5113	95
CountyDurham	6957	94	7405	96	7023	96	6910	96
Coventry	4005	91	3925	94	3848	93	3748	92
Croydon	4578	84	4834	84	4824	81	4842	87
Doncaster	3689	94	3610	95	3556	96	3480	96
Dorset	7139	93	7027	97	6693	96	6830	95
Dudley	3897	93	3601	96	3687	95	3511	96
Ealing_Hammersmith_Hounslow	9069	87	9135	90	10061	86	8888	88
EastKent	6780	93	6817	97	7141	96	6985	96
EastLancashire	7134	91	7080	95	6627	95	6635	94
EastLondon_TheCity	11521	82	11928	86	11822	86	11807	86
EastRidingandHull	6730	93	6697	96	6472	96	6299	96
EastSurrey	5114	88	5249	93	4492	90	4608	90
EastSussex	7962	90	8039	95	8275	95	8121	91
Gateshead_SouthTyneside	4116	91	4113	95	3980	95	3747	96
Gloucestershire	6598	92	6495	95	6451	95	6479	95
Herefordshire	1838	92	1811	95	1908	95	1814	95
Hertfordshire	13346	93	13572	94	12080	95	12900	96
Hillingdon	3363	89	3437	96	3369	94	3310	93
IsleOfWight	1319	92	1353	97	1257	95	1352	95
Kensington_Chelsea_Westminster	3367	81	3113	94	3311	91	3135	90
Kingston_Richmond	3942	84	3983	93	4371	92	2291	91
Lambeth_Southwark_Lewisham	11294	82	11420	92	11569	89	11088	87
Leeds	8621	87	8460	91	7771	92	8031	93
Leicestershire	11417	96	11404	97	11274	97	11350	97
Lincolnshire	6896	75	6896	91	6924	97	6968	96
Liverpool	5778	89	5733	93	5380	93	5334	94
Manchester	5726	86	5827	90	5634	89	5604	88
Merton_Sutton_Wandsworth	8343	82	5565	92	8343	92	7784	82
MorceambeBay	3267	91	3363	96	3298	96	3179	96
Newcastle_NorthTyneside	5258	94	5284	95	5151	95	4899	95
North_EastDevon	5071	94	5066	97	5029	97	4892	96
North_MidHampshire	7054	93	6983	96	6855	95	7028	96
Northamptonshire	7815	95	8043	96	8092	96	7944	95
NorthCheshire	3962	92	4038	96	3803	96	3952	95
NorthCumbria	3445	96	3692	97	3258	99	3501	99
NorthDerbyshire	4126	96	4219	98	4014	98	4042	98
NorthEssex	10738	91	10767	95	10843	94	10745	95
NorthNottinghamshire	4706	90	4850	96	4586	97	4593	97
NorthStaffordshire	5223	94	5231	95	5139	95	4720	96
Northumberland	3414	95	3371	98	3301	97	3330	98
NorthWestLancashire	5035	90	5376	96	5076	97	4883	96
NorthYorkshire	8656	89	8606	95	8660	93	8035	94
Nottingham	7388	91	7486	96	7301	96	7155	96
Oxfordshire	7122	96	6994	98	7323	97	7102	97
Portsmouth_SouthEastHampshire	6643	93	6653	96	6438	96	6397	97
Redbridge_WalthamForest	6467	95	6623	96	6631	95	6510	95
Rotherham	3354	87	3336	93	3116	94	3102	94
Salford_Trafford	5470	89	5468	96	5309	96	5374	97
Sandwell	3941	89	3999	96	3913	95	3791	96
Sefton	2995	89	3170	94	3140	95	2975	92
Sheffield	6125	92	6055	96	5980	96	5935	96
Shropshire	5131	95	5223	97	5134	97	4972	96
Solihull	2357	92	2427	94	2337	93	2366	93
Somerset	5450	94	5520	97	5531	96	5569	96
South_WestDevon	6404	92	6397	95	6412	95	6268	95
Southampton_SouthWestHampshire	6219	94	6143	97	6059	97	6008	97
SouthCheshire	7523	92	7775	94	7823	95	7485	94
SouthDerbyshire	6815	80	6938	91	6859	95	6839	96
SouthEssex	8846	93	9135	95	9107	95	9079	94
SouthHumber	3911	94	3815	97	3683	95	3598	95
SouthLancashire	3641	91	3596	96	3536	96	3570	97
SouthStaffordshire	7008	94	7039	97	6773	96	6404	97
StHelens_Knowsley	4227	86	4353	93	3931	92	3938	94
Stockport	3261	93	3438	96	3305	96	3188	94
Suffolk	7245	93	7313	96	6350	95	7056	95
Sunderland	3285	94	2889	97	3057	97	2934	97
Tees	7010	91	7030	96	0	0	6571	94
Wakefield	3915	89	3962	94	59918	96	3677	89
Walsall	3427	90	3442	94	3600	95	3463	94
Warwickshire	5769	93	5822	96	3412	94	5624	96
WestKent	12596	93	12860	97	6497	95	12501	97
WestPennine	6303	92	6296	95	66014	96	6106	96
WestSurrey	8002	91	7505	94	5986	96	7707	91
WestSussex	8610	93	8660	97	7410	92	8636	98
Wigan_Bolton	7048	94	7368	97	8574	98	6890	97
Wiltshire	7679	94	7838	98	6949	97	7600	97
Wirral	3822	93	3858	96	7814	97	3516	94
Wolverhampton	3110	93	3249	97	3651	94	3034	95
Worcestershire	6489	93	6607	97	3156	96	6274	96